0000000001110000000000111000000000
0001111110000000000000000111111000
0110000000000000000000000000000110
1100000000000000000000000000000011
1100000000000000000000000000000011
1100000000000000000000000000000011
1100000000000000000000000000000011
1100000000000000000000000000000011
1100000000000000000000000000000011
1100000000000000000000000000000011
1100000000000000000000000000000011
1100000000000000000000000000000011
1100000000000000000000000000000011
1100000000000000000000000000000011
1100000000000000000000000000000011
0110000000000000000000000000000110